%YAML:1.0
---
size: !!opencv-matrix
   rows: 2
   cols: 1
   dt: d
   data: [ 1280., 1024. ]
K: !!opencv-matrix
   rows: 3
   cols: 3
   dt: d
   data: [ 2.2757516121727431e+03, 0., 6.2103266316666077e+02, 0.,
       2.2778414848639936e+03, 4.9350144389921013e+02, 0., 0., 1. ]
D: !!opencv-matrix
   rows: 1
   cols: 5
   dt: d
   data: [ 4.2513605891426592e-01, -3.6579868905678494e+00,
       -8.8381102300547614e-03, -8.0848372982825090e-03,
       1.6524378674083696e+01 ]
