%YAML:1.0
---
size: !!opencv-matrix
   rows: 2
   cols: 1
   dt: d
   data: [ 1280., 1024. ]
K: !!opencv-matrix
   rows: 3
   cols: 3
   dt: d
   data: [ 2.2840557123568774e+03, 0., 5.9213674462369647e+02, 0.,
       2.2877296929109780e+03, 4.8130464210854353e+02, 0., 0., 1. ]
D: !!opencv-matrix
   rows: 1
   cols: 5
   dt: d
   data: [ 4.9380636183953264e-01, -7.9837275127893816e+00,
       -1.3340972552230592e-02, -1.2467219835432522e-02,
       6.1956357250768960e+01 ]
