%YAML:1.0
---
size: !!opencv-matrix
   rows: 2
   cols: 1
   dt: d
   data: [ 1280., 1024. ]
K1: !!opencv-matrix
   rows: 3
   cols: 3
   dt: d
   data: [ 2.2757516121727431e+03, 0., 6.2103266316666077e+02, 0.,
       2.2778414848639936e+03, 4.9350144389921013e+02, 0., 0., 1. ]
D1: !!opencv-matrix
   rows: 1
   cols: 5
   dt: d
   data: [ 4.2513605891426592e-01, -3.6579868905678494e+00,
       -8.8381102300547614e-03, -8.0848372982825090e-03,
       1.6524378674083696e+01 ]
K2: !!opencv-matrix
   rows: 3
   cols: 3
   dt: d
   data: [ 2.2840557123568774e+03, 0., 5.9213674462369647e+02, 0.,
       2.2877296929109780e+03, 4.8130464210854353e+02, 0., 0., 1. ]
D2: !!opencv-matrix
   rows: 1
   cols: 5
   dt: d
   data: [ 4.9380636183953264e-01, -7.9837275127893816e+00,
       -1.3340972552230592e-02, -1.2467219835432522e-02,
       6.1956357250768960e+01 ]
R: !!opencv-matrix
   rows: 3
   cols: 3
   dt: d
   data: [ 9.9988713974786791e-01, -2.4232452976984953e-03,
       1.4826855669858403e-02, 2.5885793088118881e-03,
       9.9993457572459132e-01, -1.1141971443313307e-02,
       -1.4798885903662516e-02, 1.1179094449408698e-02,
       9.9982799561889724e-01 ]
T: !!opencv-matrix
   rows: 3
   cols: 1
   dt: d
   data: [ -9.0382655540700839e+01, 8.3500033903760901e-02,
       7.5293693121479031e+00 ]
E: !!opencv-matrix
   rows: 3
   cols: 3
   dt: d
   data: [ -2.0726077084522971e-02, -7.5279432538508324e+00,
       1.6737768939421871e-01, 6.1909569386120760e+00,
       9.9215073409756926e-01, 9.0478746200048406e+01,
       -3.1745328207701184e-01, -9.0376539979888065e+01,
       1.0058029240541926e+00 ]
F: !!opencv-matrix
   rows: 3
   cols: 3
   dt: d
   data: [ -2.5391123268333055e-09, -9.2138789519567679e-07,
       5.0294769447661793e-04, 7.5722435167651246e-07,
       1.2123996649552404e-07, 2.4654690333614098e-02,
       -4.5178038746039432e-04, -2.4778304820260205e-02, 1. ]
R1: !!opencv-matrix
   rows: 3
   cols: 3
   dt: d
   data: [ 9.9766135185547444e-01, -4.2635444223415985e-03,
       -6.8217660491005278e-02, 3.8867348276595036e-03,
       9.9997645453177542e-01, -5.6554110760840487e-03,
       6.8240166370597322e-02, 5.3770411025726023e-03,
       9.9765443271841092e-01 ]
R2: !!opencv-matrix
   rows: 3
   cols: 3
   dt: d
   data: [ 9.9654763375149946e-01, -9.2066072530352016e-04,
       -8.3017865836916394e-02, 1.3792559647556098e-03,
       9.9998410534687565e-01, 5.4668735665371962e-03,
       8.3011513160952885e-02, -5.5625028033881021e-03,
       9.9653306379933582e-01 ]
P1: !!opencv-matrix
   rows: 3
   cols: 4
   dt: d
   data: [ 2.2378233313576038e+03, 0., 7.9161569213867188e+02, 0., 0.,
       2.2378233313576038e+03, 4.8519398117065430e+02, 0., 0., 0., 1.,
       0. ]
P2: !!opencv-matrix
   rows: 3
   cols: 4
   dt: d
   data: [ 2.2378233313576038e+03, 0., 7.9161569213867188e+02,
       -2.0296111140982737e+05, 0., 2.2378233313576038e+03,
       4.8519398117065430e+02, 0., 0., 0., 1., 0. ]
Q: !!opencv-matrix
   rows: 4
   cols: 4
   dt: d
   data: [ 1., 0., 0., -7.9161569213867188e+02, 0., 1., 0.,
       -4.8519398117065430e+02, 0., 0., 0., 2.2378233313576038e+03, 0.,
       0., 1.1025872472874369e-02, 0. ]
